D组	陈欢E	33	33						25	8										-2.5										1				1.5
D组	陈晓彤	3.5	3.5							2												-3								2			1	1.5
D组	龚婷玉	118.5	118.5						105					12																				1.5
D组	胡蓉C	6.5	6.5							1																			4					1.5
D组	黄书婷	20.5	20.5						5	3																				1	10			1.5
D组	李世玲	6.5	6.5							4																							1	1.5
D组	钱蕊（待产）	0	0
D组	王琛	39.5	39.5						35	2																			1					1.5
D组	韦祎明	1.5	1.5																															1.5
D组	吴雪垠	1.5	1.5																															1.5
D组	杨少虹	12.5	12.5																												10		1	1.5
D组	杨舒宇	1.5	1.5							1										-2.5							0.5			1				1.5
D组	杨杨	82.5	82.5						65	4				2													1		9					1.5
D组	张潘婷	12.5	12.5			-5			15																				1					1.5
D组	仓旻	78.5	78.5						75	2																								1.5
D组	高惺惺	8	8						5	1																		-0.5					1	1.5
D组	洪蕴娟	37.5	37.5						30	9												-3												1.5
D组	蒋冰娥	5.5	5.5							4										-2.5							0.5		2					1.5
D组	苗丽娜	2	2							4										-2.5								-1						1.5
D组	孙昊楠	70.5	70.5						70	3										-2.5								-1.5						1.5
D组	杨梅	10	10							3																	0.5		5					1.5
D组	张曙希	24	24						10			3																-0.5				5	5	1.5
D组	李萧琪	64.5	64.5						45	5				4													1		8					1.5
D组	刘童邑	130.5	130.5						120	2																	1		6					1.5
D组	杨晓会	2.5	2.5																														1	1.5
D组	张钰敏	3	3																								0.5		1					1.5
D组	安蕾蕾	11	11						10																			-0.5						1.5
D组	曾丹C	15	15						15	1														-2.5										1.5
D组	冯文怡	-1.5	-1.5																			-3												1.5
D组	付香香	5.5	5.5									3																					1	1.5
D组	高雅F	31	31						30	2										-2.5		-3							3					1.5
D组	高杨	3	3							2																		-0.5						1.5
D组	葛依笑	66	66						65																			-0.5						1.5
D组	官源	34	34						30	5										-2.5														1.5
D组	李明月	45	45						45	1										-2.5														1.5
D组	李文静（待产）	0	0
D组	令狐小娟	55.5	55.5						50	3										-2.5							0.5		3					1.5
D组	刘肜雪	29.5	29.5						25	3																								1.5
D组	毛芃森	-1	-1										3							-2.5				-2.5				-0.5						1.5
D组	彭杨	2.5	2.5							4												-2						-1						1.5
D组	普馨	2	2						10													-9					0.5	-1						1.5
D组	施德芬	21	21						10	1			3														0.5		5					1.5
D组	时云青	22	22						10	5																	0.5		5					1.5
D组	王亚男	11.5	11.5						10																									1.5
D组	吴丹暘	93	93						85	2																	1	-0.5	4					1.5
D组	许晨	6.5	6.5						5																									1.5
D组	杨宏	7.5	7.5						5	1																								1.5
D组	杨宇鹏	-1.5	-1.5																	-2.5								-0.5						1.5
D组	杨子涵B	-2.5	-2.5																			-3						-1						1.5
D组	姚洁颖	6.5	6.5																									-1	6					1.5
D组	殷嘉佩（待产）	0	0
D组	印嘉婧	10.5	10.5							9																								1.5
D组	张瑞萱	5.5	5.5																								0.5	-0.5	4					1.5
D组	周中英	-14	-14							3										-2.5		-16												1.5
D组	冷晓悦	19.5	19.5						15	3																								1.5
D组	钱心雯	1.5	1.5																															1.5
D组	李丹宁	2.5	2.5							1																								1.5
D组	朱云	24.5	24.5						25	1												-2						-1						1.5
E组	陈晓芳	14.5	14.5							15													-1.5							1
E组	高靖媛	22.5	22.5											12									-1.5								5	5	2
E组	李洋扬	28.5	28.5						25														-1.5								5
E组	石明鑫	27	27						5	3													-1.5				0.5		18	1			1
E组	谭旭B	67.5	67.5						55	7				4									-1.5				1			1			1
E组	完颜徐伟（待产）	0	0
E组	张雪E（待产）	0	0
E组	张洋C	8	8																				-1.5										9.5
E组	刘丹C（待产）	0	0
E组	姜晓涵（待产）	0	0
E组	景美（待产）	0	0
E组	孔祥玉	20.5	20.5						20														-1.5										2
E组	李斌冰	9.5	9.5								5												-1.5									5	1
E组	刘恩池	-4.5	-4.5																	-2.5			-1.5					-0.5
E组	刘颖I	-2	-2																				-1.5					-0.5
E组	罗奕	2	2						5					2								-3	-1.5					-0.5
E组	吴俊谕	3	3							5				2						-2.5			-1.5
E组	杨舒涵	35	35						35	2													-1.5					-0.5
E组	张雯倬	-2.5	-2.5							2										-2.5			-1.5					-0.5
E组	赵云憓	-1	-1																				-1.5					-0.5					1
E组	毕馨月	2.5	2.5							4													-1.5
E组	陈晓娜	1	1							2													-1.5					-0.5					1
E组	陈亚东	-1.5	-1.5																				-1.5
E组	程惠麟	4.5	4.5						5	1													-1.5
E组	代丽媛	18.5	18.5						15														-1.5				0.5	-0.5	5
E组	高杨B	8	8						10	2										-2.5			-1.5
E组	高宇B	-26.5	-26.5																			-27	-1.5										2
E组	黄灵B	15.5	15.5																				-1.5						17
E组	贾欣悦	83.5	83.5						85														-1.5
E组	蒋竺芸	8.5	8.5						5	6													-1.5					-1
E组	兰晶	7	7						5	4													-1.5					-0.5
E组	兰磊	2	2							2				2									-1.5					-0.5
E组	兰添宇	11.5	11.5						10	2													-1.5				0.5	-0.5	1
E组	雷凌淋	21	21						20	3													-1.5					-0.5
E组	李丽铭	-0.5	-0.5							1													-1.5
E组	李木子	8.5	8.5						5	5													-1.5
E组	李双惠	1.5	1.5							3													-1.5
E组	李双利	-1.5	-1.5																				-1.5
E组	李雪梅B	-26.5	-26.5																			-25	-1.5
E组	刘大祥	1.5	1.5							3													-1.5
E组	刘佳I	-12	-12																				-1.5			-10		-0.5
E组	刘立洋	-2	-2						1	2										-2.5			-1.5					-1
E组	毛紫莺	-1	-1																				-1.5					-0.5					1
E组	彭丽莹	29	29						40											-2.5		-7	-1.5
E组	王颜	20.5	20.5						35											-2.5		-10	-1.5					-0.5
E组	王梓筠	-0.5	-0.5							1													-1.5
E组	吴海梅	4.5	4.5						5	1			3							-2.5			-1.5					-0.5
E组	肖瑶	9.5	9.5						15											-2.5			-1.5					-1.5
E组	杨宏烨	44	44						45	3										-2.5			-1.5
E组	杨潇林	8	8						5	2													-1.5				0.5		2
E组	姚阳	-4.5	-4.5							5												-8	-1.5
E组	张健B	-4	-4																	-2.5			-1.5
E组	赵茜B	-0.5	-0.5							1													-1.5
E组	赵蓉楚	34.5	34.5						35	1													-1.5
E组	赵晓敏	-2.5	-2.5							2										-2.5			-1.5					-0.5
E组	郑奇	8	8							10													-1.5					-0.5
E组	周琪B	-10	-10																	-2.5		-4	-1.5					-2
E组	张毅琳	-8.5	-8.5																			-7	-1.5
E组	邹钰琳	109.5	109.5						110	1													-1.5
F组	高凌雯	25	25						15	1																			1				8
F组	纪玲	9	9						5	3																				1
F组	李珊	2.5	2.5																								0.5		2
F组	刘蕾B	19.5	19.5						15	4																	0.5
F组	刘璐	13.5	13.5							4				2																	7.5
F组	卢莹	53.5	53.5						50				3															-0.5		1
F组	王婷婷C	37.5	37.5						30					10						-2.5
F组	王晔	24	24						25	1										-2.5																	0.5
F组	王一婷	12	12						10																					1			1
F组	温秀珍	1.5	1.5																								0.5						1
F组	杨晨晨（待产）	0	0
F组	杨钟化	25	25						25
F组	周倩羽	7	7																								1		6
F组	庄明慧	-2.5	-2.5																	-2.5
F组	陈盛跃	-0.5	-0.5																									-0.5
F组	苟婷	5	5							4																			1
F组	孔雪	-10.5	-10.5																							-10		-0.5
F组	李江阳	0	0
F组	李莎	-1	-1																									-1
F组	李舒涵	51	51						50	4										-2.5								-0.5
F组	刘惠萍	5	5						5
F组	刘梓璇	-10	-10																			-10
F组	刘月	4	4						5	2										-2.5								-0.5
F组	路秋薇	54	54						50	4
F组	彭静	52.5	52.5						25					6													0.5		16			5
F组	施睿琳	6.5	6.5						5	4										-2.5
F组	佟琦	2.5	2.5						5	3												-5						-0.5
F组	王帆C	31	31						30	1
F组	王佳敏	-9	-9																			-9
F组	杨婵娟	2	2							2
F组	杨芙榕	-2	-2			-2
F组	杨凯婷	29.5	29.5						30											-2.5									2
F组	尹林慧珊	50	50						50
F组	张殊溢	10	10						10
F组	曾锦沂	14	14						10	2										-2.5							0.5		4
F组	陈倩倩	5	5						5
F组	杜潇	18	18							3																	1		14
F组	段胜娟	-2	-2							1										-2.5								-0.5
F组	高雯炫	0	0
F组	高雅E	11.5	11.5						5	1																		-0.5				5	1
F组	辜晨曦	24	24						25																			-1
F组	胡月琳	32	32						30	2
F组	江亚星	0	0
F组	李洋F	0	0
F组	李灼丹	21	21						20	1
F组	刘芹琴	56	56						55	1
F组	彭颖馨	-1.5	-1.5																									-1.5
F组	舒瑞	-0.5	-0.5																									-0.5
F组	苏鹏浩	-1	-1																									-1
F组	孙浩C	49.5	49.5						50																			-0.5
F组	王佳祺	1.5	1.5							2																		-0.5
F组	吴婷婷B	-9.5	-9.5																			-9						-0.5
F组	阎加玲	38.5	38.5						40	2										-2.5							0.5		-1.5
F组	阳琪	19	19						20																			-1
F组	杨晶瑞	-1	-1																									-1
F组	杨柳F	-1	-1							1										-2.5							0.5
F组	杨艺迅	57	57						55	2
F组	余雪诗	18.5	18.5						20																			-1.5
F组	袁戎	-4.5	-4.5							2															-5			-1.5
F组	张丽丽	30	30						30	1																		-1
F组	张明G	60.5	60.5						50	4																	0.5		6
F组	张雯炫	70	70						70
F组	赵倩B	40	40						40
F组	赵倩敏	26.5	26.5						25	2																		-0.5